00000000
11011000
10111000
00000000
11011011
01100011
01100011
11100001
10000010
10010000
00000000
11001010
10000001
01011001
00000000
01000001
00111001
00000000
11011000
10000001
11011011
11100001
00000000
00111001
10000001
11100001
00000000
00111001
10000001
11100001
00000000
00111001
10000001
11100001
00000000
11011011
01100011
11100010
00111001
00000000
11011000
10000001
11011000
10000010
11011000
00000011
11011000
10000100
11011000
00000101
11011000
00000110
11011000
10000111
11011000
00000000
00110000
10000001
01011001
10110001
10000001
01010000
00000000
11100001
10000001
11011000
00000000
00111001
00000000
11011011
00110000
10000001
11011011
01100011
11100001
10110001
10110001
10000100
11011000
00000110
11011011
10000111
11011011
11100010
00000110
11001111
10000111
11011000
00000101
11011000
10000111
11011011
11100010
00000011
11011000
01101111
00000110
01010101
10000010
10010000
00000011
00010001
10000111
01011001
10000010
10011111
00000011
10011111
10000010
11000011
11100001
10000111
11011011
00000011
11011000
01101111
10000111
01011010
10000010
11010111
10000111
11011011
11100001
00000011
11011000
01101111
01110111
10000111
11011011
11100001
00000011
11011000
01101111
10000111
01011001
10000010
11010111
10000100
11100001
00000101
11100001
10000111
01011001
00000000
00100111
10000001
00100111
10000111
01011010
00000011
11011000
01101111
10000111
11011000
10000010
11011000
00000011
11011000
01110111
11111111
