00000011
00110000
10000111
10010011
00000000
01011001
10000111
11000000
00000000
11011000
00000101
01011001
10000100
00110101
00000101
11011011
01100011
00000110
11011011
11100001
00000000
11011000
11101110
10000111
11010001
10000001
11100001
00000110
01011010
00000000
11011000
11101110
10000001
01010110
10000010
01001101
00000110
11011011
00000000
11011000
11101110
01110111
10000010
11011011
01100011
00000110
11011000
00000000
11011000
11101110
10000010
11010100
01000100
00000110
11011011
00000000
11011000
11101110
01110111
00000000
01011010
10000010
10111000
11111111
